   0.0000000e+00   2.0000000e+00
   1.0000000e+00   2.0392249e+00
   2.0000000e+00   2.0755609e+00
   3.0000000e+00   2.1133222e+00
   4.0000000e+00   2.1527293e+00
   5.0000000e+00   2.1960754e+00
   6.0000000e+00   2.2453848e+00
   7.0000000e+00   2.3012364e+00
   8.0000000e+00   2.3716583e+00
   9.0000000e+00   2.4602391e+00
   1.0000000e+01   2.5799898e+00
   1.1000000e+01   2.7545911e+00
   1.2000000e+01   3.0320492e+00
   1.3000000e+01   3.4722526e+00
   1.4000000e+01   4.1422930e+00
   1.5000000e+01   5.1295489e+00
   1.6000000e+01   6.5387776e+00
   1.7000000e+01   8.4509610e+00
   1.8000000e+01   1.0767234e+01
   1.9000000e+01   1.3479163e+01
   2.0000000e+01   1.6611764e+01
   2.1000000e+01   2.0019078e+01
   2.2000000e+01   2.3599248e+01
   2.3000000e+01   2.7243428e+01
   2.4000000e+01   3.0950260e+01
   2.5000000e+01   3.4613598e+01
   2.6000000e+01   3.8164273e+01
   2.7000000e+01   4.1554936e+01
   2.8000000e+01   4.4722485e+01
   2.9000000e+01   4.7703706e+01
   3.0000000e+01   5.0631067e+01
   3.1000000e+01   5.3468927e+01
   3.2000000e+01   5.6148611e+01
   3.3000000e+01   5.8740777e+01
   3.4000000e+01   6.1250500e+01
   3.5000000e+01   6.3746746e+01
   3.6000000e+01   6.6136159e+01
   3.7000000e+01   6.8407724e+01
   3.8000000e+01   7.0665388e+01
   3.9000000e+01   7.2875306e+01
   4.0000000e+01   7.5020222e+01
   4.1000000e+01   7.7141124e+01
   4.2000000e+01   7.9182430e+01
   4.3000000e+01   8.1156342e+01
   4.4000000e+01   8.3030441e+01
   4.5000000e+01   8.4818128e+01
   4.6000000e+01   8.6557136e+01
   4.7000000e+01   8.8270945e+01
   4.8000000e+01   8.9932532e+01
   4.9000000e+01   9.1516195e+01
   5.0000000e+01   9.3075578e+01
   5.1000000e+01   9.4560092e+01
   5.2000000e+01   9.6007597e+01
   5.3000000e+01   9.7414593e+01
   5.4000000e+01   9.8790003e+01
   5.5000000e+01   1.0010280e+02
   5.6000000e+01   1.0138419e+02
   5.7000000e+01   1.0261623e+02
   5.8000000e+01   1.0383458e+02
   5.9000000e+01   1.0503995e+02
   6.0000000e+01   1.0623925e+02
   6.1000000e+01   1.0740303e+02
   6.2000000e+01   1.0855039e+02
   6.3000000e+01   1.0969734e+02
   6.4000000e+01   1.1083263e+02
   6.5000000e+01   1.1193406e+02
   6.6000000e+01   1.1301017e+02
   6.7000000e+01   1.1410243e+02
   6.8000000e+01   1.1517990e+02
   6.9000000e+01   1.1625694e+02
   7.0000000e+01   1.1730135e+02
   7.1000000e+01   1.1833578e+02
   7.2000000e+01   1.1935140e+02
   7.3000000e+01   1.2032407e+02
   7.4000000e+01   1.2129493e+02
   7.5000000e+01   1.2223026e+02
   7.6000000e+01   1.2316794e+02
   7.7000000e+01   1.2409153e+02
   7.8000000e+01   1.2498845e+02
   7.9000000e+01   1.2587108e+02
   8.0000000e+01   1.2671795e+02
   8.1000000e+01   1.2756130e+02
   8.2000000e+01   1.2840840e+02
   8.3000000e+01   1.2922345e+02
   8.4000000e+01   1.3005282e+02
   8.5000000e+01   1.3086206e+02
   8.6000000e+01   1.3164746e+02
   8.7000000e+01   1.3239629e+02
   8.8000000e+01   1.3312337e+02
   8.9000000e+01   1.3383037e+02
   9.0000000e+01   1.3450485e+02
   9.1000000e+01   1.3515371e+02
   9.2000000e+01   1.3578941e+02
   9.3000000e+01   1.3640673e+02
   9.4000000e+01   1.3702183e+02
   9.5000000e+01   1.3761956e+02
   9.6000000e+01   1.3819809e+02
   9.7000000e+01   1.3876164e+02
   9.8000000e+01   1.3932808e+02
   9.9000000e+01   1.3988936e+02
   1.0000000e+02   1.4042131e+02
   1.0100000e+02   1.4093671e+02
   1.0200000e+02   1.4142123e+02
   1.0300000e+02   1.4187620e+02
   1.0400000e+02   1.4232212e+02
   1.0500000e+02   1.4275152e+02
   1.0600000e+02   1.4315739e+02
   1.0700000e+02   1.4355460e+02
   1.0800000e+02   1.4393195e+02
   1.0900000e+02   1.4431791e+02
   1.1000000e+02   1.4470289e+02
   1.1100000e+02   1.4509127e+02
   1.1200000e+02   1.4545715e+02
   1.1300000e+02   1.4581122e+02
   1.1400000e+02   1.4614732e+02
   1.1500000e+02   1.4648696e+02
   1.1600000e+02   1.4682679e+02
   1.1700000e+02   1.4715815e+02
   1.1800000e+02   1.4747229e+02
   1.1900000e+02   1.4778735e+02
   1.2000000e+02   1.4810840e+02
   1.2100000e+02   1.4843433e+02
   1.2200000e+02   1.4876790e+02
   1.2300000e+02   1.4908922e+02
   1.2400000e+02   1.4939687e+02
   1.2500000e+02   1.4970677e+02
   1.2600000e+02   1.5000932e+02
   1.2700000e+02   1.5031750e+02
   1.2800000e+02   1.5062655e+02
   1.2900000e+02   1.5093791e+02
   1.3000000e+02   1.5125392e+02
   1.3100000e+02   1.5156988e+02
   1.3200000e+02   1.5188467e+02
   1.3300000e+02   1.5219620e+02
   1.3400000e+02   1.5249735e+02
   1.3500000e+02   1.5278984e+02
   1.3600000e+02   1.5308017e+02
   1.3700000e+02   1.5338103e+02
   1.3800000e+02   1.5368011e+02
   1.3900000e+02   1.5397416e+02
   1.4000000e+02   1.5426301e+02
   1.4100000e+02   1.5456276e+02
   1.4200000e+02   1.5485462e+02
   1.4300000e+02   1.5515705e+02
   1.4400000e+02   1.5546293e+02
   1.4500000e+02   1.5576718e+02
   1.4600000e+02   1.5607670e+02
   1.4700000e+02   1.5638739e+02
   1.4800000e+02   1.5669375e+02
   1.4900000e+02   1.5700278e+02
   1.5000000e+02   1.5731871e+02
   1.5100000e+02   1.5763159e+02
   1.5200000e+02   1.5794594e+02
   1.5300000e+02   1.5827162e+02
   1.5400000e+02   1.5859553e+02
   1.5500000e+02   1.5892358e+02
   1.5600000e+02   1.5924538e+02
   1.5700000e+02   1.5956171e+02
   1.5800000e+02   1.5988460e+02
   1.5900000e+02   1.6021214e+02
   1.6000000e+02   1.6053578e+02
   1.6100000e+02   1.6086414e+02
   1.6200000e+02   1.6118662e+02
   1.6300000e+02   1.6150727e+02
   1.6400000e+02   1.6183639e+02
   1.6500000e+02   1.6217209e+02
   1.6600000e+02   1.6250343e+02
   1.6700000e+02   1.6283172e+02
   1.6800000e+02   1.6315638e+02
   1.6900000e+02   1.6348355e+02
   1.7000000e+02   1.6381293e+02
   1.7100000e+02   1.6414014e+02
   1.7200000e+02   1.6446174e+02
   1.7300000e+02   1.6477892e+02
   1.7400000e+02   1.6509791e+02
   1.7500000e+02   1.6541514e+02
   1.7600000e+02   1.6573704e+02
   1.7700000e+02   1.6606131e+02
   1.7800000e+02   1.6639176e+02
   1.7900000e+02   1.6671537e+02
   1.8000000e+02   1.6704292e+02
   1.8100000e+02   1.6736093e+02
   1.8200000e+02   1.6768049e+02
   1.8300000e+02   1.6799729e+02
   1.8400000e+02   1.6830432e+02
   1.8500000e+02   1.6860513e+02
   1.8600000e+02   1.6889754e+02
   1.8700000e+02   1.6918395e+02
   1.8800000e+02   1.6947357e+02
   1.8900000e+02   1.6976098e+02
   1.9000000e+02   1.7004782e+02
   1.9100000e+02   1.7033174e+02
   1.9200000e+02   1.7060919e+02
   1.9300000e+02   1.7088922e+02
   1.9400000e+02   1.7116948e+02
   1.9500000e+02   1.7145220e+02
   1.9600000e+02   1.7173639e+02
   1.9700000e+02   1.7201608e+02
   1.9800000e+02   1.7228212e+02
   1.9900000e+02   1.7255240e+02
   2.0000000e+02   1.7282897e+02
   2.0100000e+02   1.7310974e+02
   2.0200000e+02   1.7338469e+02
   2.0300000e+02   1.7365385e+02
   2.0400000e+02   1.7392323e+02
   2.0500000e+02   1.7419184e+02
   2.0600000e+02   1.7445839e+02
   2.0700000e+02   1.7472229e+02
   2.0800000e+02   1.7498613e+02
   2.0900000e+02   1.7524728e+02
   2.1000000e+02   1.7550254e+02
   2.1100000e+02   1.7575379e+02
   2.1200000e+02   1.7600365e+02
   2.1300000e+02   1.7624756e+02
   2.1400000e+02   1.7648840e+02
   2.1500000e+02   1.7672895e+02
   2.1600000e+02   1.7695874e+02
   2.1700000e+02   1.7718138e+02
   2.1800000e+02   1.7740303e+02
   2.1900000e+02   1.7763028e+02
   2.2000000e+02   1.7786194e+02
   2.2100000e+02   1.7809201e+02
   2.2200000e+02   1.7831643e+02
   2.2300000e+02   1.7854992e+02
   2.2400000e+02   1.7877491e+02
   2.2500000e+02   1.7899708e+02
   2.2600000e+02   1.7922014e+02
   2.2700000e+02   1.7944650e+02
   2.2800000e+02   1.7966756e+02
   2.2900000e+02   1.7988484e+02
   2.3000000e+02   1.8009400e+02
   2.3100000e+02   1.8030678e+02
   2.3200000e+02   1.8051287e+02
   2.3300000e+02   1.8070987e+02
   2.3400000e+02   1.8089788e+02
   2.3500000e+02   1.8108022e+02
   2.3600000e+02   1.8125661e+02
   2.3700000e+02   1.8143610e+02
   2.3800000e+02   1.8160919e+02
   2.3900000e+02   1.8178160e+02
   2.4000000e+02   1.8194781e+02
   2.4100000e+02   1.8211589e+02
   2.4200000e+02   1.8228608e+02
   2.4300000e+02   1.8245458e+02
   2.4400000e+02   1.8262704e+02
   2.4500000e+02   1.8279780e+02
   2.4600000e+02   1.8296170e+02
   2.4700000e+02   1.8312504e+02
   2.4800000e+02   1.8328248e+02
   2.4900000e+02   1.8343921e+02
   2.5000000e+02   1.8359882e+02
