   0.0000000e+00   1.0000000e+00
   1.0000000e+00   1.0059181e+00
   2.0000000e+00   1.0104924e+00
   3.0000000e+00   1.0149315e+00
   4.0000000e+00   1.0194873e+00
   5.0000000e+00   1.0239972e+00
   6.0000000e+00   1.0284536e+00
   7.0000000e+00   1.0330297e+00
   8.0000000e+00   1.0375909e+00
   9.0000000e+00   1.0423033e+00
   1.0000000e+01   1.0471582e+00
   1.1000000e+01   1.0521813e+00
   1.2000000e+01   1.0573416e+00
   1.3000000e+01   1.0624161e+00
   1.4000000e+01   1.0677146e+00
   1.5000000e+01   1.0734212e+00
   1.6000000e+01   1.0790124e+00
   1.7000000e+01   1.0846024e+00
   1.8000000e+01   1.0907103e+00
   1.9000000e+01   1.0970282e+00
   2.0000000e+01   1.1033623e+00
   2.1000000e+01   1.1099458e+00
   2.2000000e+01   1.1173588e+00
   2.3000000e+01   1.1252770e+00
   2.4000000e+01   1.1340190e+00
   2.5000000e+01   1.1426996e+00
   2.6000000e+01   1.1529382e+00
   2.7000000e+01   1.1641368e+00
   2.8000000e+01   1.1766079e+00
   2.9000000e+01   1.1899890e+00
   3.0000000e+01   1.2051398e+00
   3.1000000e+01   1.2232378e+00
   3.2000000e+01   1.2433440e+00
   3.3000000e+01   1.2660927e+00
   3.4000000e+01   1.2935909e+00
   3.5000000e+01   1.3241890e+00
   3.6000000e+01   1.3621180e+00
   3.7000000e+01   1.4052205e+00
   3.8000000e+01   1.4548373e+00
   3.9000000e+01   1.5114546e+00
   4.0000000e+01   1.5798135e+00
   4.1000000e+01   1.6547422e+00
   4.2000000e+01   1.7365760e+00
   4.3000000e+01   1.8303711e+00
   4.4000000e+01   1.9364866e+00
   4.5000000e+01   2.0604383e+00
   4.6000000e+01   2.1999978e+00
   4.7000000e+01   2.3574608e+00
   4.8000000e+01   2.5293529e+00
   4.9000000e+01   2.7132543e+00
   5.0000000e+01   2.9117097e+00
   5.1000000e+01   3.1287254e+00
   5.2000000e+01   3.3630383e+00
   5.3000000e+01   3.6137004e+00
   5.4000000e+01   3.8767907e+00
   5.5000000e+01   4.1640380e+00
   5.6000000e+01   4.4678276e+00
   5.7000000e+01   4.7943205e+00
   5.8000000e+01   5.1262952e+00
   5.9000000e+01   5.4693879e+00
   6.0000000e+01   5.8272197e+00
   6.1000000e+01   6.2061775e+00
   6.2000000e+01   6.6032904e+00
   6.3000000e+01   7.0113250e+00
   6.4000000e+01   7.4389873e+00
   6.5000000e+01   7.8747750e+00
   6.6000000e+01   8.3197538e+00
   6.7000000e+01   8.7655797e+00
   6.8000000e+01   9.2181226e+00
   6.9000000e+01   9.6658426e+00
   7.0000000e+01   1.0119186e+01
   7.1000000e+01   1.0578238e+01
   7.2000000e+01   1.1049648e+01
   7.3000000e+01   1.1507000e+01
   7.4000000e+01   1.1953638e+01
   7.5000000e+01   1.2391790e+01
   7.6000000e+01   1.2847543e+01
   7.7000000e+01   1.3293558e+01
   7.8000000e+01   1.3743153e+01
   7.9000000e+01   1.4188429e+01
   8.0000000e+01   1.4641980e+01
   8.1000000e+01   1.5095335e+01
   8.2000000e+01   1.5544477e+01
   8.3000000e+01   1.5994511e+01
   8.4000000e+01   1.6428781e+01
   8.5000000e+01   1.6855660e+01
   8.6000000e+01   1.7283883e+01
   8.7000000e+01   1.7713622e+01
   8.8000000e+01   1.8146695e+01
   8.9000000e+01   1.8562178e+01
   9.0000000e+01   1.8966894e+01
   9.1000000e+01   1.9369689e+01
   9.2000000e+01   1.9773057e+01
   9.3000000e+01   2.0186522e+01
   9.4000000e+01   2.0587715e+01
   9.5000000e+01   2.0977546e+01
   9.6000000e+01   2.1360388e+01
   9.7000000e+01   2.1742812e+01
   9.8000000e+01   2.2127273e+01
   9.9000000e+01   2.2508105e+01
   1.0000000e+02   2.2881484e+01
   1.0100000e+02   2.3253339e+01
   1.0200000e+02   2.3623771e+01
   1.0300000e+02   2.3985744e+01
   1.0400000e+02   2.4348070e+01
   1.0500000e+02   2.4708957e+01
   1.0600000e+02   2.5063775e+01
   1.0700000e+02   2.5423806e+01
   1.0800000e+02   2.5776580e+01
   1.0900000e+02   2.6118552e+01
   1.1000000e+02   2.6449226e+01
   1.1100000e+02   2.6764260e+01
   1.1200000e+02   2.7077476e+01
   1.1300000e+02   2.7400039e+01
   1.1400000e+02   2.7707084e+01
   1.1500000e+02   2.8010516e+01
   1.1600000e+02   2.8325180e+01
   1.1700000e+02   2.8652315e+01
   1.1800000e+02   2.8980974e+01
   1.1900000e+02   2.9306154e+01
   1.2000000e+02   2.9626684e+01
   1.2100000e+02   2.9944518e+01
   1.2200000e+02   3.0254378e+01
   1.2300000e+02   3.0554922e+01
   1.2400000e+02   3.0851798e+01
   1.2500000e+02   3.1149463e+01
   1.2600000e+02   3.1448870e+01
   1.2700000e+02   3.1753421e+01
   1.2800000e+02   3.2064676e+01
   1.2900000e+02   3.2380337e+01
   1.3000000e+02   3.2691656e+01
   1.3100000e+02   3.2995519e+01
   1.3200000e+02   3.3282827e+01
   1.3300000e+02   3.3565974e+01
   1.3400000e+02   3.3846854e+01
   1.3500000e+02   3.4128093e+01
   1.3600000e+02   3.4407667e+01
   1.3700000e+02   3.4686028e+01
   1.3800000e+02   3.4963412e+01
   1.3900000e+02   3.5237005e+01
   1.4000000e+02   3.5503002e+01
   1.4100000e+02   3.5763401e+01
   1.4200000e+02   3.6024976e+01
   1.4300000e+02   3.6295987e+01
   1.4400000e+02   3.6566596e+01
   1.4500000e+02   3.6838426e+01
   1.4600000e+02   3.7103198e+01
   1.4700000e+02   3.7370201e+01
   1.4800000e+02   3.7643604e+01
   1.4900000e+02   3.7907840e+01
   1.5000000e+02   3.8162319e+01
   1.5100000e+02   3.8420016e+01
   1.5200000e+02   3.8664172e+01
   1.5300000e+02   3.8912720e+01
   1.5400000e+02   3.9164784e+01
   1.5500000e+02   3.9415921e+01
   1.5600000e+02   3.9669226e+01
   1.5700000e+02   3.9920254e+01
   1.5800000e+02   4.0169166e+01
   1.5900000e+02   4.0416039e+01
   1.6000000e+02   4.0664266e+01
   1.6100000e+02   4.0909935e+01
   1.6200000e+02   4.1155758e+01
   1.6300000e+02   4.1396594e+01
   1.6400000e+02   4.1639893e+01
   1.6500000e+02   4.1878025e+01
   1.6600000e+02   4.2110295e+01
   1.6700000e+02   4.2336521e+01
   1.6800000e+02   4.2569982e+01
   1.6900000e+02   4.2794826e+01
   1.7000000e+02   4.3010677e+01
   1.7100000e+02   4.3215897e+01
   1.7200000e+02   4.3420812e+01
   1.7300000e+02   4.3630833e+01
   1.7400000e+02   4.3835185e+01
   1.7500000e+02   4.4040707e+01
   1.7600000e+02   4.4247964e+01
   1.7700000e+02   4.4453459e+01
   1.7800000e+02   4.4653206e+01
   1.7900000e+02   4.4856715e+01
   1.8000000e+02   4.5061033e+01
   1.8100000e+02   4.5264595e+01
   1.8200000e+02   4.5461491e+01
   1.8300000e+02   4.5664001e+01
   1.8400000e+02   4.5861230e+01
   1.8500000e+02   4.6061434e+01
   1.8600000e+02   4.6261594e+01
   1.8700000e+02   4.6457997e+01
   1.8800000e+02   4.6656351e+01
   1.8900000e+02   4.6852350e+01
   1.9000000e+02   4.7040779e+01
   1.9100000e+02   4.7229326e+01
   1.9200000e+02   4.7419241e+01
   1.9300000e+02   4.7601574e+01
   1.9400000e+02   4.7780295e+01
   1.9500000e+02   4.7960421e+01
   1.9600000e+02   4.8138417e+01
   1.9700000e+02   4.8306945e+01
   1.9800000e+02   4.8474100e+01
   1.9900000e+02   4.8642815e+01
   2.0000000e+02   4.8805207e+01
   2.0100000e+02   4.8962348e+01
   2.0200000e+02   4.9124878e+01
   2.0300000e+02   4.9287600e+01
   2.0400000e+02   4.9447398e+01
   2.0500000e+02   4.9603174e+01
   2.0600000e+02   4.9754679e+01
   2.0700000e+02   4.9904928e+01
   2.0800000e+02   5.0054448e+01
   2.0900000e+02   5.0204742e+01
   2.1000000e+02   5.0357602e+01
   2.1100000e+02   5.0510365e+01
   2.1200000e+02   5.0657417e+01
   2.1300000e+02   5.0808372e+01
   2.1400000e+02   5.0960506e+01
   2.1500000e+02   5.1112840e+01
   2.1600000e+02   5.1260504e+01
   2.1700000e+02   5.1407940e+01
   2.1800000e+02   5.1559918e+01
   2.1900000e+02   5.1714065e+01
   2.2000000e+02   5.1871143e+01
   2.2100000e+02   5.2022790e+01
   2.2200000e+02   5.2171847e+01
   2.2300000e+02   5.2323457e+01
   2.2400000e+02   5.2473417e+01
   2.2500000e+02   5.2617684e+01
   2.2600000e+02   5.2765523e+01
   2.2700000e+02   5.2904717e+01
   2.2800000e+02   5.3045397e+01
   2.2900000e+02   5.3183555e+01
   2.3000000e+02   5.3318532e+01
   2.3100000e+02   5.3457350e+01
   2.3200000e+02   5.3592864e+01
   2.3300000e+02   5.3730637e+01
   2.3400000e+02   5.3868192e+01
   2.3500000e+02   5.3998690e+01
   2.3600000e+02   5.4131730e+01
   2.3700000e+02   5.4263892e+01
   2.3800000e+02   5.4394682e+01
   2.3900000e+02   5.4528702e+01
   2.4000000e+02   5.4663495e+01
   2.4100000e+02   5.4798353e+01
   2.4200000e+02   5.4940066e+01
   2.4300000e+02   5.5076470e+01
   2.4400000e+02   5.5210223e+01
   2.4500000e+02   5.5344132e+01
   2.4600000e+02   5.5475889e+01
   2.4700000e+02   5.5607692e+01
   2.4800000e+02   5.5738166e+01
   2.4900000e+02   5.5868367e+01
   2.5000000e+02   5.5995103e+01
