   0.0000000e+00   1.5000000e+00
   1.0000000e+00   1.5175772e+00
   2.0000000e+00   1.5327413e+00
   3.0000000e+00   1.5482914e+00
   4.0000000e+00   1.5640811e+00
   5.0000000e+00   1.5803328e+00
   6.0000000e+00   1.5969200e+00
   7.0000000e+00   1.6150948e+00
   8.0000000e+00   1.6342667e+00
   9.0000000e+00   1.6550235e+00
   1.0000000e+01   1.6771643e+00
   1.1000000e+01   1.7010022e+00
   1.2000000e+01   1.7273521e+00
   1.3000000e+01   1.7581311e+00
   1.4000000e+01   1.7944637e+00
   1.5000000e+01   1.8380189e+00
   1.6000000e+01   1.8944471e+00
   1.7000000e+01   1.9640009e+00
   1.8000000e+01   2.0641236e+00
   1.9000000e+01   2.1929415e+00
   2.0000000e+01   2.3677740e+00
   2.1000000e+01   2.5971671e+00
   2.2000000e+01   2.9053141e+00
   2.3000000e+01   3.2898587e+00
   2.4000000e+01   3.7734526e+00
   2.5000000e+01   4.3718545e+00
   2.6000000e+01   5.0850401e+00
   2.7000000e+01   5.9447405e+00
   2.8000000e+01   6.9239801e+00
   2.9000000e+01   8.0135811e+00
   3.0000000e+01   9.2254134e+00
   3.1000000e+01   1.0524927e+01
   3.2000000e+01   1.1903231e+01
   3.3000000e+01   1.3306653e+01
   3.4000000e+01   1.4784417e+01
   3.5000000e+01   1.6297704e+01
   3.6000000e+01   1.7817488e+01
   3.7000000e+01   1.9359843e+01
   3.8000000e+01   2.0932117e+01
   3.9000000e+01   2.2481742e+01
   4.0000000e+01   2.3991869e+01
   4.1000000e+01   2.5470553e+01
   4.2000000e+01   2.6924215e+01
   4.3000000e+01   2.8358230e+01
   4.4000000e+01   2.9723969e+01
   4.5000000e+01   3.1063151e+01
   4.6000000e+01   3.2384986e+01
   4.7000000e+01   3.3717524e+01
   4.8000000e+01   3.4996203e+01
   4.9000000e+01   3.6215499e+01
   5.0000000e+01   3.7409253e+01
   5.1000000e+01   3.8562611e+01
   5.2000000e+01   3.9709128e+01
   5.3000000e+01   4.0858699e+01
   5.4000000e+01   4.1993999e+01
   5.5000000e+01   4.3089855e+01
   5.6000000e+01   4.4178352e+01
   5.7000000e+01   4.5217802e+01
   5.8000000e+01   4.6249975e+01
   5.9000000e+01   4.7282100e+01
   6.0000000e+01   4.8294336e+01
   6.1000000e+01   4.9303761e+01
   6.2000000e+01   5.0286154e+01
   6.3000000e+01   5.1263355e+01
   6.4000000e+01   5.2235815e+01
   6.5000000e+01   5.3180128e+01
   6.6000000e+01   5.4125688e+01
   6.7000000e+01   5.5051902e+01
   6.8000000e+01   5.5956563e+01
   6.9000000e+01   5.6841370e+01
   7.0000000e+01   5.7713936e+01
   7.1000000e+01   5.8578133e+01
   7.2000000e+01   5.9434979e+01
   7.3000000e+01   6.0271249e+01
   7.4000000e+01   6.1105638e+01
   7.5000000e+01   6.1918762e+01
   7.6000000e+01   6.2708431e+01
   7.7000000e+01   6.3487869e+01
   7.8000000e+01   6.4238669e+01
   7.9000000e+01   6.4991017e+01
   8.0000000e+01   6.5717120e+01
   8.1000000e+01   6.6408274e+01
   8.2000000e+01   6.7100834e+01
   8.3000000e+01   6.7776991e+01
   8.4000000e+01   6.8452179e+01
   8.5000000e+01   6.9107091e+01
   8.6000000e+01   6.9754384e+01
   8.7000000e+01   7.0382280e+01
   8.8000000e+01   7.1013590e+01
   8.9000000e+01   7.1642428e+01
   9.0000000e+01   7.2259918e+01
   9.1000000e+01   7.2856707e+01
   9.2000000e+01   7.3425289e+01
   9.3000000e+01   7.3986900e+01
   9.4000000e+01   7.4538633e+01
   9.5000000e+01   7.5074685e+01
   9.6000000e+01   7.5607878e+01
   9.7000000e+01   7.6129717e+01
   9.8000000e+01   7.6650432e+01
   9.9000000e+01   7.7156249e+01
   1.0000000e+02   7.7648019e+01
   1.0100000e+02   7.8124765e+01
   1.0200000e+02   7.8606953e+01
   1.0300000e+02   7.9074550e+01
   1.0400000e+02   7.9537931e+01
   1.0500000e+02   8.0006640e+01
   1.0600000e+02   8.0476536e+01
   1.0700000e+02   8.0941244e+01
   1.0800000e+02   8.1394959e+01
   1.0900000e+02   8.1846302e+01
   1.1000000e+02   8.2296750e+01
   1.1100000e+02   8.2745911e+01
   1.1200000e+02   8.3193488e+01
   1.1300000e+02   8.3647803e+01
   1.1400000e+02   8.4091363e+01
   1.1500000e+02   8.4526987e+01
   1.1600000e+02   8.4974617e+01
   1.1700000e+02   8.5417014e+01
   1.1800000e+02   8.5850658e+01
   1.1900000e+02   8.6294829e+01
   1.2000000e+02   8.6731538e+01
   1.2100000e+02   8.7167223e+01
   1.2200000e+02   8.7620031e+01
   1.2300000e+02   8.8071902e+01
   1.2400000e+02   8.8516008e+01
   1.2500000e+02   8.8955670e+01
   1.2600000e+02   8.9392687e+01
   1.2700000e+02   8.9827291e+01
   1.2800000e+02   9.0258704e+01
   1.2900000e+02   9.0659521e+01
   1.3000000e+02   9.1067980e+01
   1.3100000e+02   9.1477673e+01
   1.3200000e+02   9.1884125e+01
   1.3300000e+02   9.2281612e+01
   1.3400000e+02   9.2673516e+01
   1.3500000e+02   9.3067507e+01
   1.3600000e+02   9.3446180e+01
   1.3700000e+02   9.3833933e+01
   1.3800000e+02   9.4201969e+01
   1.3900000e+02   9.4580675e+01
   1.4000000e+02   9.4953868e+01
   1.4100000e+02   9.5309674e+01
   1.4200000e+02   9.5660096e+01
   1.4300000e+02   9.6013774e+01
   1.4400000e+02   9.6370071e+01
   1.4500000e+02   9.6716374e+01
   1.4600000e+02   9.7065024e+01
   1.4700000e+02   9.7401099e+01
   1.4800000e+02   9.7755016e+01
   1.4900000e+02   9.8105730e+01
   1.5000000e+02   9.8438069e+01
   1.5100000e+02   9.8756680e+01
   1.5200000e+02   9.9067681e+01
   1.5300000e+02   9.9361859e+01
   1.5400000e+02   9.9653786e+01
   1.5500000e+02   9.9942088e+01
   1.5600000e+02   1.0021773e+02
   1.5700000e+02   1.0048197e+02
   1.5800000e+02   1.0074435e+02
   1.5900000e+02   1.0100873e+02
   1.6000000e+02   1.0126359e+02
   1.6100000e+02   1.0151117e+02
   1.6200000e+02   1.0175930e+02
   1.6300000e+02   1.0201278e+02
   1.6400000e+02   1.0227090e+02
   1.6500000e+02   1.0252010e+02
   1.6600000e+02   1.0276858e+02
   1.6700000e+02   1.0301312e+02
   1.6800000e+02   1.0326228e+02
   1.6900000e+02   1.0350673e+02
   1.7000000e+02   1.0374119e+02
   1.7100000e+02   1.0397891e+02
   1.7200000e+02   1.0421527e+02
   1.7300000e+02   1.0445009e+02
   1.7400000e+02   1.0468221e+02
   1.7500000e+02   1.0490684e+02
   1.7600000e+02   1.0512902e+02
   1.7700000e+02   1.0535015e+02
   1.7800000e+02   1.0556713e+02
   1.7900000e+02   1.0577727e+02
   1.8000000e+02   1.0599380e+02
   1.8100000e+02   1.0620659e+02
   1.8200000e+02   1.0641073e+02
   1.8300000e+02   1.0660692e+02
   1.8400000e+02   1.0679295e+02
   1.8500000e+02   1.0697541e+02
   1.8600000e+02   1.0715028e+02
   1.8700000e+02   1.0731960e+02
   1.8800000e+02   1.0749633e+02
   1.8900000e+02   1.0766580e+02
   1.9000000e+02   1.0783621e+02
   1.9100000e+02   1.0800491e+02
   1.9200000e+02   1.0817178e+02
   1.9300000e+02   1.0833955e+02
   1.9400000e+02   1.0850932e+02
   1.9500000e+02   1.0867644e+02
   1.9600000e+02   1.0884472e+02
   1.9700000e+02   1.0900364e+02
   1.9800000e+02   1.0916065e+02
   1.9900000e+02   1.0931469e+02
   2.0000000e+02   1.0946943e+02
   2.0100000e+02   1.0962887e+02
   2.0200000e+02   1.0978164e+02
   2.0300000e+02   1.0993595e+02
   2.0400000e+02   1.1008510e+02
   2.0500000e+02   1.1022956e+02
   2.0600000e+02   1.1037682e+02
   2.0700000e+02   1.1052494e+02
   2.0800000e+02   1.1067221e+02
   2.0900000e+02   1.1081844e+02
   2.1000000e+02   1.1095804e+02
   2.1100000e+02   1.1109418e+02
   2.1200000e+02   1.1122936e+02
   2.1300000e+02   1.1136594e+02
   2.1400000e+02   1.1150245e+02
   2.1500000e+02   1.1164407e+02
   2.1600000e+02   1.1178523e+02
   2.1700000e+02   1.1192771e+02
   2.1800000e+02   1.1206892e+02
   2.1900000e+02   1.1221254e+02
   2.2000000e+02   1.1235110e+02
   2.2100000e+02   1.1249442e+02
   2.2200000e+02   1.1263429e+02
   2.2300000e+02   1.1277487e+02
   2.2400000e+02   1.1291695e+02
   2.2500000e+02   1.1305573e+02
   2.2600000e+02   1.1319223e+02
   2.2700000e+02   1.1332284e+02
   2.2800000e+02   1.1344440e+02
   2.2900000e+02   1.1356870e+02
   2.3000000e+02   1.1369623e+02
   2.3100000e+02   1.1382068e+02
   2.3200000e+02   1.1394625e+02
   2.3300000e+02   1.1407232e+02
   2.3400000e+02   1.1419661e+02
   2.3500000e+02   1.1432646e+02
   2.3600000e+02   1.1445893e+02
   2.3700000e+02   1.1458950e+02
   2.3800000e+02   1.1471667e+02
   2.3900000e+02   1.1484033e+02
   2.4000000e+02   1.1496742e+02
   2.4100000e+02   1.1509292e+02
   2.4200000e+02   1.1521704e+02
   2.4300000e+02   1.1534413e+02
   2.4400000e+02   1.1547372e+02
   2.4500000e+02   1.1560445e+02
   2.4600000e+02   1.1573300e+02
   2.4700000e+02   1.1586723e+02
   2.4800000e+02   1.1600378e+02
   2.4900000e+02   1.1613579e+02
   2.5000000e+02   1.1627145e+02
